KEUSVWCPAPP09,searchgmcr.comnameserver10.125.35.15nameserver10.125.220.150,kdc=KEUPVADC03.gmcr.comkdc=KEUPVADC04.gmcr.comadmin_server=KEUPVADC03.gmcr.com,passwordserver=KEUPVADC03.gmcr.comKEUPVADC04.gmcr.com
